12
0 700 30 2.0 Gaulois.jpg
1 700 250 2.0 Romain.jpg
2 400 200 2.0 Sanglier.jpg
3 555 604 2.0 Idefix.jpg
4 30 250 2.0 Souris.jpg
5 99 129 2.0 Gland.jpg
6 700 500 2.0 Crocodile.jpg
7 400 330 2.0 Chevre.jpg
8 30 500 2.0 Plante.jpg
9 200 580 2.0 Organique.jpg
10 400 500 2.0 Vers.jpg
11 450 30 2.0 Potion.jpg
0 1 1 0 0 0 0 1 0 0 0 1 
0 0 1 0 0 0 1 1 0 0 0 0 
0 0 0 0 1 1 0 0 1 0 0 0 
0 0 1 0 0 0 0 0 0 0 0 0 
0 0 0 0 0 0 0 0 1 0 0 0 
0 0 0 0 0 0 0 0 0 0 0 0 
0 1 0 0 0 0 0 1 0 0 0 0 
0 0 0 0 0 0 0 0 1 0 1 0 
0 0 0 0 0 0 0 0 0 1 0 0 
0 0 0 0 0 0 0 0 0 0 0 0 
0 0 0 0 0 0 0 0 1 0 0 0 
0 0 0 0 0 0 0 0 0 0 0 0 
